[
    [
        2.0289427331006413,
        -2.763163464263967,
        4.186730992531881,
        1.9854912493995345,
        -4.423590218911203,
        3.075843164758881,
        -3.618214194242495,
        0.9338640426487572,
        -4.9261261688761095,
        3.532934058806422,
        -3.8496865636974533,
        -4.3377794769266975,
        2.2807157704390093,
        4.8905782016539465,
        3.857218270821182,
        3.853798210800811,
        -1.6445787562412084,
        1.3233279203981656,
        -0.3079058229004028,
        4.689262729885641,
        -2.726280865300219,
        -3.287402498448148,
        4.3437304074680725,
        2.0323223006358706,
        -2.1929975685421823,
        -1.2410936196987388,
        0.19102981304953914,
        -4.4835114862217225,
        -4.304958121787406,
        -2.852209167108005,
        4.621617183050287,
        -3.888894001301748,
        -0.36025231785699674,
        4.225949390312271,
        -2.833970586267446,
        -4.404824240365697,
        0.8274552525730723,
        2.3102511407676545,
        4.185736533685134,
        4.166878188956991,
        1.1387274904920686,
        3.1811786650557163,
        3.206408179396826,
        3.243144404992467,
        -2.747642112228086,
        2.2707068628586633,
        -0.9384763990958165,
        0.2541405509379313,
        1.011188388690516,
        -4.53659381832371,
        0.04102314928996709,
        3.760111839524251,
        2.4022404470150764,
        0.5151610432440998,
        4.226723740030263,
        -0.12010934642512616,
        4.481255701071506,
        4.98904352136608,
        -4.623358217991838,
        1.8418432322536518,
        -2.8461010246869254,
        -0.4597670580840596,
        1.4116643478891557,
        1.392453301815424,
        0.13380383072210478,
        0.7769591874784485,
        3.84269484674285,
        1.8098099249520052,
        -3.407778848352947,
        3.9669854335454406,
        3.635167752007897,
        3.5912488926695545,
        1.6203661444759563,
        2.8828680802877225,
        -3.1133113050197734,
        2.1476049701107245,
        -1.7757678647640915,
        -2.4551458277467084,
        -0.11024006783071272,
        0.4186337694497517,
        -2.8339194366735954,
        2.239754668414723,
        -0.8607321399689187,
        0.4721194632366954,
        -4.455181347278763,
        0.061328468629231025,
        -0.3171107496915804,
        0.8311276515019719,
        -1.8408127847521696,
        2.38423622683764,
        1.613991016210746,
        -4.977219503928633,
        -0.16703047833384588,
        -2.3389641082364196,
        1.0923146811576956,
        -0.6980470201588833,
        1.9973248624446978,
        -2.3534810509860993,
        2.6792205435094862,
        0.6980122349594868,
        -2.1128591757276993,
        1.6506728499969405,
        3.9986820597238975,
        -0.15465939143390095,
        -4.30444139380464,
        0.26781733737072244,
        0.2895498030260697,
        1.411103816657704,
        -0.3243386862810578,
        4.367756374942248,
        0.31472529797285453,
        0.6344193971066394,
        -0.038540402513835836,
        -4.942731582424587,
        -0.31341690632890895,
        -3.4106917468532028,
        -1.699671241856775,
        -0.5258172151608242,
        -0.45807110288522246,
        4.429288525925733,
        -3.8070304798414334,
        4.737975007314143,
        0.5119207152526419,
        4.95149733704638,
        3.7741776234762856,
        0.00024219779484546677,
        -2.2401637694472267,
        -0.029335914028782994,
        -0.5767208222656404,
        1.661220939357996,
        0.8542430837522721,
        -2.626076988771863,
        3.1713130810049286,
        -2.1998567474784645,
        3.2052175214464196,
        -3.207220130443277,
        -0.7251708564628858,
        0.23569140270631195,
        -0.6050714107792672,
        0.691069390994099,
        -1.2594121743072852,
        -1.7295147656876453,
        2.355592134784316,
        -0.10309935029705031,
        -2.1758680750505666,
        4.561755488682557,
        0.4530402631882886,
        3.1190405325558697,
        4.149497874148448,
        -2.1447786900845776,
        -4.509564150103863,
        3.0004567530347437,
        1.8612140297655824,
        0.3631491381053831,
        4.931036829451827,
        0.8743205692996074,
        -0.31505052878188256,
        -0.2256175146835968,
        -3.4760420025465377,
        0.548838824434073,
        -0.567332326539888,
        1.1087384566165621,
        -4.931663191193717,
        3.1481495722683555,
        1.6256182235788366,
        -4.118715275388265,
        4.056152167377519,
        -3.9127137720729213,
        -4.676396615748071,
        -4.03868427306837,
        -0.9300208586092253,
        -2.4336292481518385,
        1.488559350335544,
        2.079791710514602,
        -0.8743187397408247,
        3.8068550182164973,
        -3.64081237558083,
        1.5441587956635665,
        0.7109416433933022,
        -2.550298542681456,
        3.84390336358544,
        4.00227527086342,
        -1.6458671900331332,
        4.840984542855294,
        -3.709773771362216,
        -4.415077820336894,
        0.3233107013140213,
        -0.37847709553932063,
        1.4166869469101613,
        0.7421499586619635,
        -3.615061494028878,
        -2.680159685563951,
        1.3127284806313266,
        -2.971519318241853,
        4.581909297386003,
        -4.612347476469103,
        -0.27096894336381716,
        -2.1679229158525315,
        -1.2388277728768484,
        2.1256468304602096,
        -1.9583847389887223,
        -4.856381007407805,
        3.2923816381826647,
        -0.13055620726922346,
        2.422645145255533,
        0.565895226663125,
        -0.8050441931638304,
        0.15941087566424184,
        0.5393077655159315,
        0.4951130131635084,
        1.1826430160360353,
        -4.494166427563762,
        3.7232074711999044,
        0.8075245317953081,
        -2.954561222073683,
        1.9944875291816722,
        -2.2008771715513777,
        1.3679488905327766,
        4.021838395926293,
        0.4453165286331542,
        1.4328279158872554,
        -3.6663546902200372,
        3.082415004777719,
        -4.840249659360969,
        -3.0969881112971587,
        -3.78810167138661,
        1.7548719637756314,
        -1.3017806927981992,
        -0.21148811688377833,
        0.4483920819035827,
        2.5533148537627763,
        -0.7382969854342116,
        -1.8962233688512642,
        -1.7017317106010243,
        -4.477022669076774,
        2.2238646571568594,
        -0.2653332326987048,
        -2.260841209479806,
        3.001086267539298,
        0.8794787594765943,
        4.751662326778401,
        3.9311515939580683,
        -1.9017616996251796,
        -1.8762250608913011,
        2.2489121736308206,
        1.8887334567770449,
        -1.0812149139131488,
        4.829964056354687,
        -0.35236039789617024,
        -4.032678457937853,
        1.2959282209976717,
        4.487449043557547,
        4.624542400060742,
        2.2744733478793835,
        0.10662790953632406,
        4.0159350377794265,
        -0.17746662049383488,
        -4.45681398880917,
        1.7858119436062037,
        2.221218452655746,
        3.2608185232101086,
        -0.4753230850961421,
        3.375243969488116,
        2.536811171067747,
        0.5673062674259075,
        -1.7645905588624977,
        1.652412695597711,
        4.7797547441627515,
        2.5215437585211378,
        -1.0056522665756464,
        -4.950302725538409,
        -1.1841652661619229,
        -4.066131309229587,
        1.1345095616612326,
        -3.916171775978101,
        -4.434405436982005,
        -4.9340143414720625,
        3.558082968114686,
        1.8601375808219647,
        -3.078692112307926,
        0.8392208034215809,
        -4.0716590978797464,
        4.6156459997602095,
        -3.1189437528411856,
        -4.537478120015512,
        -1.5565791500972601,
        0.10067667306065875,
        2.99456540561975,
        -1.4451246741736936,
        0.6728748586834357,
        4.591649684600235,
        -4.033444223495721,
        -1.3373916758221513,
        3.1996373602815567,
        4.8363439605144976,
        -3.1255620180241417,
        -4.873800284264211,
        -0.9976098961825608,
        -3.172018767781947,
        0.30468364407696313,
        4.3476759702408945,
        2.242166457984979,
        -1.6226866648806038,
        0.22612647201376657,
        4.250823397942716,
        -1.7964585780325661,
        -3.4012850504524375,
        -4.9791307693707605,
        -4.570382959473327,
        2.5915246653204296,
        -4.444274442439413,
        4.893998170630532,
        -4.368197304664653,
        -0.15448452733382023,
        4.52588983676463,
        -1.9493881669259148,
        4.305327970758018,
        -0.5952507391126769,
        -2.665609878082801,
        -1.3436453004732685,
        -3.065472708995738,
        -1.7888773603373807,
        3.6554221230555406,
        -4.520337773317084,
        0.9659492696423344,
        2.403616015000061,
        -3.5877439174681958,
        -4.8239075417589685,
        -0.9493850589502548,
        -4.5370480241332345,
        -4.889368487525103,
        -1.1585544893941293,
        -4.989866252660457,
        -1.2170240162129318,
        2.386430952608846,
        0.8061288813651837,
        2.4900089707294626,
        1.2413429132232316,
        -0.228620199450436,
        -2.545482281214837,
        -4.474438248566123,
        4.842769484067384,
        -4.422398891835051,
        2.5424504260131258,
        4.858051525485985,
        -4.428780127510814,
        -2.503345194304755,
        -0.31520088981869243,
        -1.5131744980098238,
        -3.7891064419602283,
        3.0543008901443507,
        -1.8808415357269723,
        -3.635965280493556,
        -3.2171423197254088,
        4.0275498021553595,
        -3.4688174397111604,
        -1.0387985679845055,
        3.6332956988511995,
        1.4103394990595355,
        -0.5720493610074593,
        -2.8416766389384263,
        -3.710131387683613,
        3.28948285323834,
        -3.68857620584686,
        -2.4142555148087275,
        -1.010337505977752,
        -1.1055016991900013,
        0.04885843913454391,
        -0.5663966307027115,
        4.537616678979981,
        2.1297393253564927,
        2.1465483694417165,
        0.2663976209021648,
        -2.0750518659548014,
        -0.7978027927447071,
        0.9511679418098726,
        -1.5379359718561392,
        3.7300659590409264,
        -4.309302691645,
        2.3945891675957576,
        3.059984890228865,
        -2.6250775924452996,
        0.17801173485074884,
        -1.454670291374657,
        -4.982648089124871,
        0.806964307542323,
        -1.7326874062765163,
        1.364000211725923,
        3.602146867909365,
        1.9136929629810018,
        -4.019398384048632,
        -1.4008641498698071,
        4.3879155834993835,
        3.826493144253009,
        -3.838637222064608,
        -3.598523453069724,
        -2.7241783470521694,
        -1.986890919176274,
        3.0182185125952614,
        -2.0828206530120674,
        0.6934381791552084,
        -4.573822819187152,
        2.558935271431424,
        -1.2521369452064213,
        -4.386522948425248,
        1.2940031047188167,
        -0.6794202446766748,
        -3.416462401996899,
        0.2998941046717585,
        2.2003156530422716,
        -3.3492192337119175,
        -3.365485253943409,
        1.010009859209764,
        -4.150029362589256,
        -3.3228182842570044,
        3.039336359618158,
        -0.4578035327333021,
        2.3684377553216818,
        3.2359002280993394,
        4.981189802820513,
        2.448396034852081,
        2.45917122114471,
        4.283336592703321,
        2.5375275552145578,
        2.015345244794629,
        -0.12212055278213008,
        -3.6404222073868153,
        -0.6283701054687896,
        -3.2491379804185385,
        -1.8871830234311506,
        0.6777867911540634,
        0.04455038487223728,
        1.692965218278978,
        4.49488485396277,
        -2.6300314656137234,
        3.620536500913346,
        -4.442803305382048,
        0.6821140286165388,
        3.0684630115080083,
        3.849517454798633,
        2.7256858434173923,
        -4.420571100337853,
        -1.7007076875076423,
        -0.6988991131460329,
        3.2988339548391306,
        -0.9395618051614543,
        -0.5521033114593878,
        0.2363756925552698,
        -3.842156861500172,
        -2.8699886736388915,
        3.7482468630298786,
        3.7312959278073112,
        0.5110009086865466,
        2.1016075331983313,
        0.8311673115221252,
        -0.6591647796755886,
        3.056786780059481,
        0.04821650542082967,
        3.2876375968238776,
        2.823311042743823,
        1.800421945375322,
        -3.465634163009035,
        -2.48023493588871,
        -3.5896051478995883,
        -4.63599762681261,
        3.664989507448139,
        4.988253376934933,
        0.9425915407869265,
        -3.9477508511102712,
        4.421469659534523,
        -0.9881535478259895,
        -2.51543269113772,
        -0.14673001929134788,
        -2.692625899947946,
        -1.346424677967354,
        -2.6435650191991966,
        4.205756889386937,
        -1.3845636909100936,
        4.630074750962228,
        -4.270743324610003,
        3.9147705239227246,
        -4.266682658233978,
        2.8863951521277684,
        1.8120978018072105,
        -2.3004736839702398,
        -2.307508798652642,
        -4.18837447096108,
        2.859067726663361,
        0.5208690080712604,
        3.051262739905596,
        0.3452673363342109,
        1.5136113390409545,
        0.2882702819493179,
        3.2608017351740326,
        -1.796370695320216,
        -1.3455812353648433,
        0.6103332908681116,
        1.948339853022782,
        -2.8099116360124365,
        3.2895954272292087,
        0.3505498406784042,
        -4.594988806945475,
        0.37738263283256224,
        -0.31403166490808765,
        2.0990220714830166,
        -3.6576368079942068,
        -1.4699631449359662,
        -4.722271742040835,
        2.1934222392933496,
        1.8104319706648813,
        4.094761368971646,
        -4.597897968637876,
        1.9923673354473745,
        -4.325176467858705,
        -2.923197249853313,
        -4.005477230555291,
        4.417236899963884,
        0.3951910294846215,
        -0.3610512881969381,
        4.819867049629668,
        -0.18125723399245963,
        4.524119172990504,
        4.319931624955476,
        1.2965398874638732,
        -1.5771401538167042,
        -3.3152430920835982,
        -4.8936990646065,
        3.0870205177427703,
        -0.02850595975634196,
        -2.415920386927619,
        -4.502678121597747,
        -2.107704213324718,
        -3.1446598667934476,
        -1.3971098826640418,
        2.3270063051821737,
        0.524980130881417,
        -1.060985896520552,
        0.7791754809941782,
        2.445903226194588,
        -1.8757024726956906,
        3.2575086836086555,
        -4.924432200793399,
        0.8057121422910463,
        -1.713085891113193,
        4.575927005803301,
        -2.1819377522706396,
        3.301528999456826,
        -4.045784146110626,
        1.283214249972219,
        -3.1756953406551336,
        1.8606458525197445,
        3.813249210254119,
        2.1487406686034376,
        1.3772268687631115,
        0.17393160861259283,
        -0.16979569756953516,
        -2.735894990525681,
        1.426966308459252,
        -3.2385666776280084,
        1.4212439887172916,
        -2.6543664173577195,
        0.020076517805071248,
        -3.708944942865686,
        -3.7111378834916553,
        4.828551383191256,
        -0.8759025661481541,
        4.022256182106222,
        3.3790087469723407,
        0.3762058278749256,
        0.6712132664752923,
        3.547931137061715,
        0.34355859791082377,
        -3.5736418814719393,
        3.786593153586427,
        -3.0612290426232835,
        1.001603521645662,
        4.110485630344725,
        -2.1647192192054323,
        -3.203466652467882,
        -0.07715566622400782,
        -1.1318421149519375,
        3.368493203784105,
        -2.5263892028531423,
        -3.9372660391882364,
        4.916596415940283,
        1.1749967706090132,
        -0.0394208290041842,
        4.946070703204482,
        -0.7811210511831321,
        -0.25550866993950816,
        0.0840383286175106,
        0.042384810186751665,
        0.5878653849396143,
        2.0092858199153554,
        1.0239950616962377,
        -2.2695713547566787,
        -2.811964369484402,
        -0.2906820293403545,
        4.714912578322327,
        1.3774440842744662,
        -1.609786415007064,
        -3.264078927360974,
        -1.2546596058661774,
        -2.3087335126298214,
        0.4339919032620614,
        1.7842685471524886,
        1.6664629162393405,
        -4.38055267242892,
        1.1592208787223974,
        1.779500145299691,
        -1.4179416887615703,
        -2.209223139987617,
        -4.758008165705416,
        2.9462995897854647,
        4.980183687031602,
        1.6913932351707786,
        4.761118288015902,
        2.468975759895219,
        2.1306671327331674,
        0.4366181329622707,
        -4.574088073244268,
        -2.3557261815672548,
        -1.91173614715935,
        1.0497832300147465,
        1.0004811107100409,
        -1.8858205912293844,
        3.3711815414127138,
        0.7767852719472401,
        -3.148714933113297,
        -2.3779746140469538,
        2.5994271179931197,
        -1.9351004149769926,
        3.4137334768297585,
        3.770638437027152,
        -0.19955519334271443,
        -3.648419961767061,
        2.0259890405205736,
        -1.3548391769155446,
        -4.770855100070541,
        -0.37885838659603976,
        3.0322790946810176,
        -0.4433389470424123,
        2.1750568121745797,
        4.074379426056632,
        0.3687980593031668,
        -2.028322071159605,
        -3.0454106634447484,
        4.204662678746576,
        3.7866846803374763,
        0.10238292509638747,
        0.11026018477252642,
        -2.2624999569424977,
        2.1277912571240423,
        -0.07318406261098076,
        4.544857652668101,
        -2.595684556848318,
        -3.4171408144710447,
        2.8999224144674676,
        -2.2491159381423187,
        4.243008104207984,
        3.1253722339225334,
        0.9330396656056452,
        1.343401808242203,
        -0.7941769828092138,
        -4.341103096027296,
        2.5513545413563987,
        4.448355052184926,
        4.1864040405357485,
        -0.7887943775606887,
        -3.6317296289035705,
        -4.740813911292486,
        0.8815191887209064,
        -4.593695113887839,
        4.575040261019941,
        -4.7908847850702285,
        -1.239727430345873,
        -4.438910480354862,
        2.1081643525273375,
        -2.4346542978269237,
        -3.570823284993935,
        -3.5353632267439727,
        3.665186332195633,
        2.008289920678118,
        -2.400719021853054,
        -1.6248505822035995,
        -0.5520055386665099,
        -1.0916729027766636,
        -3.631635777424178,
        4.222728910145655,
        1.4483925949019447,
        -4.057866098440785,
        -4.472369192767839,
        -0.5827534621313575,
        4.464533567726818,
        3.3771122589970517,
        4.15247299343118,
        -2.507377651343421,
        0.9052012384748114,
        -0.45163663731017767,
        3.3908206445667215,
        -0.8649477545978588,
        3.572897101157386,
        3.5006628080097375,
        -0.16169012996160692,
        1.8157537254391212,
        2.7723146064989823,
        0.7377136541700011,
        4.693519730214774,
        -0.5759486019486468,
        3.5684400368268108,
        -0.5521295648598876,
        -2.6587572779865623,
        0.7303880576497415,
        -0.4996010370982802,
        -0.5595970762906379,
        3.5121666040488186,
        -0.09313200175989422,
        4.340380270750071,
        2.095270934536357,
        -1.400000406233283,
        0.3536158012345423,
        -4.189041658763171,
        2.4187300233428743,
        -3.257099642940738,
        -1.0302884957366167,
        -2.9693538086079196,
        4.668524512419362,
        -3.268628298636939,
        -2.4737772462189236,
        0.6292517115760274,
        -2.8752021910290337,
        -1.2668596469588103,
        3.7911778166357166,
        1.1225405315660204,
        -3.8131042573349507,
        4.0404687949331635,
        -0.2265657532777272,
        2.42294435378359,
        -0.8845119217927611,
        0.7826824144868549,
        0.1940535522717166,
        -3.7133474017852954,
        -2.8572390425742453,
        2.983818341025496,
        -4.026381819349244,
        -2.874879414429122,
        3.955898943728595,
        4.963109179877522,
        -0.29250817177289434,
        0.4517279077476344,
        -4.847589540133854,
        -1.1680167036837439,
        3.27307194059723,
        -1.5830268803434047,
        3.820799065827881,
        -1.1926167117126072,
        -1.6351910152325368,
        4.6507213129063025,
        -0.8324068151613133,
        -1.5679509837922758,
        4.704964778285708,
        -3.139610197550331,
        4.57263851701752,
        3.555073211285915,
        -1.0473476445163579,
        4.8313621190153295,
        -4.652488237094708,
        -1.3543310950723253,
        3.620109138891479,
        0.2588384287357197,
        -0.3152590701812237,
        -1.2644276938576136,
        -3.3867910117983957,
        3.90800150088322,
        3.493246170043573,
        1.4162454445921782,
        -2.318395053334096,
        2.5988738115812637,
        -3.372211637531498,
        1.3611921017333026,
        2.44660412509468,
        -1.4708184809652938,
        0.9635004093786792,
        -0.014268736829905038
    ],
    [
        -1.4458471553762822,
        -4.314447384043118,
        -4.784504273973845,
        -3.996023754567278,
        -1.3343277311793633,
        -0.16913158364372993,
        -0.11599315600604498,
        -1.0833825856081623,
        1.3922197161930203,
        4.709977140681767,
        -0.15297321418191245,
        3.926700487639229,
        0.07751647525451055,
        2.2812480964046546,
        1.5434138596782576,
        2.9985584910498977,
        1.5557746960464458,
        3.775797240922854,
        -0.31669959257835334,
        2.011288749728446,
        -3.7773357176039557,
        -0.3397926031988119,
        1.2957386774916344,
        1.2355852810801178,
        -4.953089752397878,
        4.395538396057484,
        4.437131251636341,
        -4.132373043225903,
        -4.222187285960074,
        -1.1776034358821441,
        -0.6590725957132602,
        -0.18206382368406082,
        -4.268398512375312,
        1.1190072086891014,
        -2.4525680817373887,
        0.4176597729820948,
        -2.7976795802858967,
        4.496088563692691,
        -3.076801505881158,
        -3.008206095164204,
        4.667681553459101,
        -4.014750438967321,
        -1.5628415436389687,
        -3.5498340702956863,
        0.17255418461519234,
        1.334955673644492,
        -3.233479676340567,
        2.7109426530859704,
        -2.805832887034657,
        1.9177474401764982,
        -2.686150698526517,
        -1.220745934424988,
        3.8861275870006526,
        -4.3041154980163,
        -0.4275197160899227,
        3.274168405393361,
        1.6937555279367276,
        3.5665567128441147,
        -2.600211063327129,
        0.6899542746075928,
        -2.237586349197321,
        -3.302484216383256,
        -2.492296119711991,
        -3.7301702451894956,
        -4.04634559655261,
        0.791766805604242,
        -4.430578891822952,
        -0.4460754962344389,
        0.6244391985449944,
        3.6419945301362198,
        3.2998234258663857,
        0.6524764143515851,
        -0.09623456993328183,
        -3.4506275384860285,
        3.7460021676372808,
        2.586880004183211,
        2.1698181038198694,
        1.3561939481964016,
        -2.9987274163385704,
        -4.217849567626812,
        -2.359466642158207,
        -1.0212696956343947,
        2.470143175178226,
        4.763198785092795,
        3.801675032246676,
        0.5972894696411313,
        1.644432804762257,
        -2.170983125579229,
        -3.414515294841215,
        -0.2863007594463305,
        0.5249850925755766,
        -1.3156722374629313,
        -3.6359417045116427,
        0.6518932108117879,
        3.465982423386661,
        -2.287616572810185,
        1.5773366134952287,
        1.736863281959903,
        1.1647695803626466,
        -1.1674993045949233,
        -0.6569352546991913,
        -0.42403974481755746,
        4.444566289067778,
        -0.7250769157568415,
        4.8284455816425105,
        3.0138430825267974,
        -2.2884512928483214,
        -4.191590970551759,
        -3.891610102228218,
        4.227111561400628,
        -3.6163060331476524,
        -4.656739647468299,
        -2.3321015183777085,
        4.320238908596719,
        -3.264724957423071,
        1.236445925592764,
        -2.5137940549376703,
        -3.440685908505192,
        1.6753300906532385,
        3.0321372512262617,
        -2.2135371713964034,
        -2.167789839477826,
        0.4684937146460877,
        1.3897728588351042,
        0.9985734487265487,
        -1.7408316640069854,
        -3.6808429718003968,
        2.4001810888687753,
        1.7983176287219056,
        -4.43272888405556,
        3.140200388855261,
        -4.0160799484501375,
        1.0304140970512705,
        2.518915508368906,
        -3.066385529114485,
        1.5412826880123056,
        2.251332262113131,
        0.8014687723153298,
        2.324948413954716,
        0.9946259870476073,
        3.7834299308762347,
        -4.9583375612989204,
        1.2489192082533975,
        -3.4964517876054977,
        -2.3242059429677218,
        -3.6196367978926034,
        0.7491414919653092,
        4.262521555806636,
        -4.66091669079621,
        0.9939775454973745,
        3.567122288405235,
        2.939209959411409,
        4.712912260004501,
        2.5200007614975686,
        -0.9670830483797923,
        -1.6538612589955304,
        -0.4533932729916854,
        3.0346428134275136,
        -4.023217395985536,
        2.663774201910618,
        -4.085668614275692,
        4.663705995936997,
        4.539709471950742,
        -1.4598301663642732,
        -4.079334162331543,
        4.226934744276662,
        0.7141873485009,
        3.244214217361778,
        -0.42498604480146973,
        -0.5359165264814347,
        0.8723192040067573,
        0.5593340276277718,
        3.9082792692064956,
        -0.8672438654038439,
        -4.858318964209632,
        -4.123211625068821,
        1.3876535295419519,
        0.39477049086720406,
        3.1166008135284144,
        -1.102104978290904,
        3.0557142887997983,
        0.709525739124679,
        -3.724158066930504,
        0.5361973886927611,
        3.561437351432172,
        -0.055832993040856316,
        0.25559019873990785,
        -2.1883884785811847,
        0.9656482277020215,
        4.373562042976509,
        -0.9926294252073697,
        -0.5268067365589886,
        -0.8691017297265127,
        4.835293588061001,
        -1.047709570064125,
        -4.061499362243165,
        -0.126049038960093,
        -4.8359763683180335,
        1.9926665524954164,
        -1.100162785396087,
        1.0647424284962517,
        4.724910160874241,
        -4.715958003439553,
        4.895137090638569,
        -4.62144327756025,
        1.0748082574878728,
        3.8231041209842314,
        2.144262427255491,
        1.083823636158269,
        1.850205443578874,
        -1.9025493847999275,
        2.5226270091809653,
        -3.834257299115129,
        2.9933433123903708,
        -0.7553448301779264,
        0.9877876464281226,
        -4.949593535254893,
        4.839807194909211,
        4.299130677605527,
        0.09824980996144372,
        4.098583776940892,
        0.09164225812994786,
        4.568261740923267,
        -2.4046187980951217,
        -3.937663851973702,
        -1.7343999201095261,
        0.550246011922372,
        -3.504572597951323,
        1.6078345808973813,
        1.9925514045395847,
        -1.1707112647718887,
        0.48412647207944115,
        3.872639243198236,
        -4.6269161959548235,
        -0.106909743459215,
        4.663006801176937,
        -4.323948760234154,
        -1.56624674336584,
        2.2311185368939164,
        -0.3860845793248169,
        2.108309294781339,
        -1.6735076460855316,
        -1.448810778216827,
        -0.4932617788824807,
        3.5268405571555164,
        -2.4581283370048923,
        -2.9725698235839157,
        -3.717112017123483,
        1.9964071624200752,
        -1.6332058776890546,
        -0.8940847777895069,
        -2.151162916194819,
        1.5247439089142105,
        1.5039489726150324,
        0.30045480474272956,
        -0.710968477644438,
        0.6906890063930362,
        -4.976074480119551,
        4.776133749419655,
        -0.8611477304787591,
        3.635959515944414,
        1.2862312860222787,
        4.764481899249107,
        1.2050883627027575,
        -0.39832400630699727,
        -4.910454946766962,
        0.1616625207210296,
        -3.8531989364751174,
        -2.7308817196190582,
        -2.08474718556952,
        -0.22346798061818163,
        -4.626968485674858,
        4.560004517051633,
        2.3544786621843414,
        -2.2097046930719175,
        4.273524517062588,
        2.896214027274027,
        -1.9840813783425704,
        3.2082150523759267,
        1.462432111449294,
        0.44162010648046124,
        4.848409252614761,
        3.6850971334815146,
        -4.6251131121272016,
        0.33623021581888857,
        2.932480474802621,
        1.068371209382918,
        -1.3068319021716643,
        -0.6723718040287485,
        -4.681014660379784,
        -4.015521934901693,
        -4.087084909385413,
        -3.162687741720794,
        3.4859675360086904,
        -2.1903150693787365,
        2.864442448570733,
        -2.8657708129359927,
        -3.2215274453209286,
        -1.3501984065110086,
        -1.4070013790179035,
        -2.3653355846861865,
        0.5716685500053256,
        1.4814622918806952,
        -0.1339704706411844,
        -3.0637077421449432,
        -0.1235941746405187,
        2.1358592794200373,
        0.14615528777975406,
        1.2284205586886001,
        3.478437683663252,
        3.426810149277598,
        1.7067976949748367,
        1.6453614291474548,
        0.08463901408367036,
        0.0017578246399843067,
        3.087522252772928,
        -0.7612404836698801,
        -3.013102931372652,
        1.2698359186334285,
        0.7114261965459212,
        0.6124647077966276,
        -1.5590141595698381,
        -2.8760102163332513,
        2.590446508439838,
        1.9942489011193878,
        -1.9924880929725033,
        1.6607817983699915,
        4.636559214233401,
        1.3592575335881047,
        3.6229363445033,
        2.5519862012306636,
        -3.690100735771259,
        4.612944111330817,
        3.8625473315854855,
        2.199170180348103,
        1.8904405412879823,
        -3.3200348185507056,
        -1.7686771630296927,
        4.540028524907937,
        3.215008468716677,
        1.849650630016166,
        4.646910940294237,
        2.963383503335466,
        -2.249135565236362,
        -1.8937149638832573,
        4.549361572856638,
        3.5426194012057124,
        -3.951150564949908,
        0.7482448045374577,
        1.7785800325518997,
        0.6388476411854622,
        1.2734682557087416,
        -0.6797432627656814,
        -2.703084833077074,
        3.9572388002737355,
        0.12425727691227095,
        4.956420498246514,
        -3.8473330844715683,
        -1.572729809640224,
        2.958028993213329,
        -1.6441942190358794,
        -4.077960483043914,
        2.5705539115751197,
        -3.8314621391164794,
        3.6250751714173663,
        -0.02367179084325155,
        2.5998292995709544,
        3.440324078469274,
        -1.5460818103199925,
        0.9906641835957055,
        -1.1244959657104636,
        3.8993269285151815,
        -3.673718384320882,
        -3.3084634123436008,
        -1.7809965692337162,
        -1.4422161984560145,
        -1.6091005114055577,
        -4.28329389066095,
        -0.4381419395195616,
        -0.06341441884918364,
        3.917587417664901,
        0.6862935964533818,
        -1.5009909528928578,
        4.387418636111924,
        -0.9580231124066696,
        -4.4078734183893875,
        -2.8628483476119237,
        4.360868854464696,
        1.7385059987640252,
        -4.930123199823777,
        0.7130543212147886,
        1.2157014717442225
    ],
    [
        2.4953234140370295,
        2.9539947861731184,
        2.064263037958507,
        -0.9520682899087207,
        -4.318061668058394,
        2.126376188713217,
        1.0953799166015,
        0.1805972506625677,
        3.9257020293552998,
        3.667487426123797,
        -1.9991342581398253,
        -4.20428001681301,
        -1.3812021315751046,
        0.7977136752822496,
        0.3899698470580013,
        3.5737743195662315,
        3.1271085177287112,
        1.0088422919564497,
        -2.28274706021843,
        -2.555819587929392,
        1.4738160471400077,
        1.6221935741061335,
        4.133081646705497,
        -0.5230141297222302,
        4.624877779502766,
        -3.9125818060671893,
        -4.609029246019011,
        -0.29020843312815714,
        -1.0127618357182309,
        3.653420536054309,
        -2.2120327045932853,
        1.7426436813397261,
        2.1220060553109263,
        2.1271596526371104,
        1.18586789417627,
        0.034266956091057565,
        4.146062298145477,
        -0.9102898296087902,
        2.816681558270772,
        -3.863852070589784,
        -0.6184073729197745,
        -1.6699483890294822,
        -2.4458511448681577,
        -4.465686536409702,
        -0.5530033322807304,
        1.18627769434985,
        -4.415482805381731,
        0.16333804114757022,
        -1.9681667861945948,
        -0.004767316025889201,
        -0.13181000321670489,
        4.590373738346496,
        -1.7720379005975606,
        -1.8765734366976417,
        4.684386466631169,
        0.9224230558111586,
        2.9078011954770524,
        0.556717983592252,
        -2.2375604061740404,
        -1.1456581298783863,
        3.167984773315304,
        1.415607999766804,
        1.6572798876711072,
        0.0797272192302767,
        2.940387179594925,
        1.739419435236286,
        -1.0173444452066818,
        -4.080808721217575,
        3.662504870390853,
        -3.910244600573103,
        -4.13589542711152,
        -2.353410457645385,
        1.816342437509654,
        -3.515093185987012,
        -1.0065871146045016,
        -4.65479269133776,
        1.6240706907948468,
        -2.994632511845805,
        -4.613862002745898,
        3.8062821734044654,
        4.391570601771855,
        3.9579492020431566,
        -2.9816622903874146,
        -2.5150086997907852,
        -2.5779148953916167,
        -3.636530268788465,
        3.169839410200769,
        4.562492888822211,
        -1.5327386636263416,
        -2.5357126599109794,
        -3.3305053698743716,
        -2.1398941606382227,
        2.67535177429102,
        -2.4002002226460037,
        -3.054042281656958,
        1.9753326537024751,
        -0.8351568940995913,
        1.3968862299312903,
        0.11323954587820761,
        0.5628651727473901,
        -3.8407765801020433,
        1.4826157186138298,
        1.2693303791983146,
        4.328387185949154,
        -3.859928790974755,
        -4.722034616117,
        -2.4244245224830574,
        -1.7938958440086217,
        -3.584702578239116,
        -1.951799625935978,
        0.43303354001840155,
        -0.33912159364451533,
        -4.54712321393835,
        4.475543036632555,
        -3.0455009157573887,
        2.5937388296655275,
        -3.34252583731788,
        -1.4944567795794903,
        1.4620505311941026,
        4.93113570705302,
        2.0246441353316067,
        4.434648751020854,
        0.941984850275337,
        -3.9581260831483,
        1.1558379051968863,
        4.98878899549093,
        -3.190855270045503,
        -1.256258766310463,
        3.9617403320724005,
        -3.314096366831759,
        4.1064146999166535,
        4.696237681548407,
        -3.1902498252192215,
        -2.9770454448830996,
        -0.40207157835673524,
        0.8838219480021028,
        -3.3943867234235103,
        1.3200233233368976,
        3.404774954516359,
        -4.0400917218044485,
        -3.137794003003208,
        -1.6772586082166683,
        2.0460890900052107,
        0.21739800836359624,
        1.1493470152592398,
        -3.9614861095129514,
        3.1418896454422054,
        -1.9122451309134458,
        1.047619989309747,
        4.634664099647077,
        2.062627089009127,
        -0.8064206649834649,
        -2.9648286330772597,
        -3.906571773840939,
        1.4854365373235385,
        0.8957853119782779,
        3.54289100918505,
        1.0630799844516767,
        -0.13232130238479556,
        -2.434880182249357,
        2.748807744303896,
        -0.609014259843006,
        -2.573050343157176,
        0.5772358579974064,
        -4.9765425262198555,
        -3.3790226494525455,
        4.7411868776627415,
        2.3644996155010016,
        -1.4084501878634659,
        0.15273951908301964,
        3.9638422965209124,
        4.0955770669420275,
        3.7717248443105937,
        -1.8244112971044846,
        -2.9612778658921557,
        2.568570731488636,
        0.8235565094024722,
        0.2762388670163949,
        0.5549795823184489,
        1.8958001349972706,
        2.577149996763489,
        0.16124280535911328,
        -0.2127321558718096,
        4.941672126968612,
        -0.17224797228732935,
        -1.8195356655591755,
        -0.004272925319980914,
        -2.1484697855756885,
        -3.91784596866132,
        -3.792992613462128,
        0.29537177978413354,
        -3.343095388712334,
        4.518378015186432,
        -1.1713508864259845,
        1.3812884831098966,
        -0.7359659399388221
    ],
    [
        -0.90680010937856,
        1.053823208515726,
        -3.6890846651676523,
        -1.5685393786858048,
        -2.31940701799914,
        -2.1988010807440075,
        1.4641244786889596,
        -0.48477397774243514,
        -0.39108699865742924,
        0.9661875357008567,
        0.13919510789728662,
        -1.412322928402033,
        -2.88026356261623,
        -2.694541938488256,
        -3.9795731540161308,
        -0.09696331847628858,
        0.5419199758299031,
        -0.7584380134777104,
        2.7677208421361934,
        1.605254403951112,
        -0.814001277201549,
        -4.806303271980466,
        -3.1118364286252786,
        1.4949510251203364,
        4.163779551397299,
        -3.6884173401937326,
        -1.5654396866907372,
        -3.186630158090056,
        4.350498034175915,
        -3.7924089629516966,
        -2.4524780575408234,
        3.1993571599108854,
        -2.096730972652323,
        -3.0147671877378923,
        -1.2423665270292261,
        -3.4482595233499937,
        -3.4300674483412807,
        -3.978037639106854,
        3.279799232068733,
        -4.981105592737255,
        -4.196796032125187,
        4.544550645703563,
        3.465899670722008,
        -1.1569273579352268,
        -4.022940421856941,
        2.2190290692987205,
        0.9680973602472172,
        0.06856576883140697,
        2.358551593625342,
        -0.9592449259139162,
        2.6584341790381565,
        1.7318977874283261,
        -4.521934551004464,
        -0.619856054020337,
        -2.9245682780532842,
        -4.325509801892453,
        -1.32589442875687,
        3.7670236711872658,
        -2.60320657875843,
        -1.1923814072221708,
        2.779835449847604,
        4.955027881714532,
        0.5211778555504765,
        -1.621340985109093,
        2.269797595690476,
        -1.8229026536210724,
        4.371597997752728,
        -3.444065828354188,
        -4.241830437370253,
        0.7285706312718911,
        -3.029844111343545,
        -3.8216416349723916,
        1.3008600396037657,
        -2.751583582581969,
        -0.418587547158741,
        1.3195253187574156,
        2.077005382714451,
        3.739659930411822,
        -2.7526271969551264,
        -3.986112604686183,
        -0.9049358160480772,
        4.438719532872904,
        4.237699523502613,
        -4.535573510255999,
        -3.9728299004666767,
        3.540278110432576,
        4.099825068999364,
        2.0930212716854326,
        0.007572358204405383,
        4.038518858975483,
        -2.544215821207959,
        -1.1563013804190172,
        4.490889584957031,
        0.05092565755929357,
        -3.4290145625103587,
        1.867659348177689,
        -0.10834860064934748,
        4.981593705029082
    ],
    [
        -2.1186066001537873,
        -0.6118366590299997,
        -3.205965488794712,
        -2.045768588449918,
        3.1536040751891434,
        -2.6917000863600293,
        0.40516503052397645,
        4.087391730691955,
        1.1571357393610402,
        -4.878620838869857,
        2.451041554530823,
        1.3524705876144498,
        0.046668815359733884,
        -1.1251607457199087,
        2.4896911473519046,
        2.4528440072715956,
        4.517357090781326,
        0.9529750198222224,
        -1.5792534940317782,
        -4.249727157339374,
        -2.6944842574570793,
        -3.8243867510141594,
        3.4707428546363435,
        -2.5434109406566874,
        -3.6901277640914856,
        -1.679118848499602,
        2.8128606951941846,
        0.6968109743194191,
        -4.047728980182111,
        -2.858698030305873,
        2.2948724610109235,
        -2.9339610011092487,
        -0.7223111238035642,
        3.999433352074954,
        4.198548242552558,
        4.688673712773392,
        -3.999319723563115,
        4.645616595575174,
        -0.2065341092774995,
        4.045541136021127,
        2.7306323396751093,
        -1.4420503625895087,
        -0.21833819956035327,
        -0.17706402180546021,
        -4.394226558368527,
        -2.3039092789044,
        4.38607740690766,
        4.302367059788036,
        1.3936425060902602
    ],
    [
        -2.9646038952983944,
        -1.7831883497308398,
        1.9568097213186313,
        -0.7867412600390296,
        1.6736624776961033,
        -3.0767261034116666,
        0.3539611546340442,
        -0.7994387292670453,
        3.379120008780106,
        -2.230577061235458,
        -3.921296810608279,
        -3.1443070444556662,
        0.3953917968812526,
        2.9609359830447444,
        3.643921057233152,
        -1.4290468633879994,
        2.758385831258945,
        2.2341071321232544,
        3.8859513279156346,
        0.4175792389966828,
        4.9212063608928585,
        -2.25372956551523,
        -3.8664406135204854,
        2.5875861226891193,
        -2.391669398679036
    ],
    [
        0.8177491434991371,
        0.4754286184101222,
        -3.052086580887994,
        2.430399068239878,
        -2.7150297331849806,
        1.6256361743614782,
        -1.940528001700632,
        -3.573332014076306,
        1.5939324566574706,
        -4.842990398266451
    ]
]